0.60;0.9824909499999986
1.70;0.8576718166666671
3.30;0.37304938333333326
4.10;0.17546251666666662
2.40;0.7230426333333331
3.60;0.3428133333333335
0.50;0.987453583333334
0.80;0.9669117166666664
2.80;0.6062459833333336
3.40;0.3318802
1.80;0.8389254499999994
1.90;0.8033398166666664
2.20;0.7590961666666665
3.90;0.2804744333333331
2.00;0.7802054166666662
4.90;0.06814941666666671
1.30;0.9188179500000003
5.00;0.06626323333333338
2.70;0.6277515666666669
0.70;0.9763355999999984
4.80;0.08281755000000005
3.80;0.2657107999999999
4.00;0.17700554999999965
2.10;0.7787856166666662
4.20;0.17509386666666665
2.30;0.7229981833333344
3.70;0.3684468833333331
2.50;0.6776364166666669
1.20;0.9191108000000001
2.90;0.606393316666667
3.00;0.5855301499999994
4.60;0.09324146666666677
1.50;0.8866952666666666
0.90;0.9555075000000002
0.40;0.9922405333333342
0.20;0.9978583500000006
0.10;0.9995189166666664
2.60;0.6349160166666672
4.30;0.14397013333333328
3.10;0.48246198333333334
0.30;0.9955172833333346
4.70;0.08357858333333322
4.40;0.13266974999999995
4.50;0.10162716666666662
3.20;0.4081621333333335
1.40;0.895490016666666
3.50;0.4289351166666672
1.10;0.9356863166666665
1.00;0.9485934500000006
1.60;0.8646129999999997
